1720824708021 0.32686636495373217 1
1720824866771 -0.10246471772383137 2
1720825027114 -0.03443402989010742 3
1720825187870 -0.13951356636724438 4
1720825347426 -0.04260868372258934 5
1720825505863 -0.13944715881234815 6
1720825666092 -0.3818216842557191 7
1720825826338 -0.13606950706027002 8
1720825985460 -0.2774715870545692 9
1720826144843 0.04918268327645303 10
1720826304970 -0.1833109798530665 11
1720826464645 -0.3217090484272754 12
1720826625273 -0.45939780379984513 13
1720826783475 -0.5122014097463652 14
1720826942941 -0.3894570043683983 15
1720827103560 -0.6694874840287617 16
1720827263244 -0.7569113929048165 17
1720827423594 -0.911578930365319 18
1720827583515 -0.6072485497059364 19
1720827743745 -0.7111708932490862 20
1720827903411 -0.7347237759287957 21
1720828062414 -0.6380917624655829 22
1720828223087 -1.0284639905612358 23
1720828383460 -1.1615827113024535 24
1720828543277 -1.138532918886529 25
1720828703906 -1.0886290889274743 26
1720828864735 -1.125540313705395 27
1720829024242 -1.014116659215328 28
1720829183558 -1.1881653156580794 29
1720829343803 -1.1760606518377337 30
1720829503715 -1.280131669280107 31
1720829664287 -1.332442140617318 32
1720829823793 -1.4669369409458817 33
1720829983360 -1.446413602127036 34
1720830144131 -1.3787213879433649 35
1720830304904 -1.3202287826474823 36
1720830465245 -1.5676381501894527 37
1720830625814 -1.6817543304725013 38
1720830786588 -1.4622326492827191 39
1720830947043 -1.2148906972372775 40
1720831107943 -1.430744075302743 41
1720831268848 -1.7435903380998228 42
1720831429191 -1.5129521802730648 43
1720831589861 -1.6803226845729973 44
1720831750742 -1.6005847909938697 45
1720831910755 -1.7337496976015334 46
1720832070955 -1.423815380734849 47
1720832231045 -1.6716421833921709 48
1720832391615 -1.505862400629645 49
1720832551796 -1.9591898414995599 50
1720832712255 -1.8693982395511595 51
1720832873093 -1.8221210536650887 52
1720833033026 -1.4247743033407443 53
1720833193634 -1.7026677267876187 54
1720833353788 -1.999932788334087 55
1720833514467 -1.7712096868498988 56
1720833674769 -2.108081302608071 57
1720833834887 -2.1952800590953427 58
1720833995532 -1.8858815314499455 59
1720834156093 -1.6175747227908703 60
1720834317192 -2.038226339692889 61
1720834477259 -1.7240601891717464 62
1720834637787 -2.251977780680509 63
1720834797971 -1.9729256724495912 64
1720834958132 -2.112612821528547 65
1720835118522 -2.088949209389753 66
1720835279102 -2.1683729367636633 67
1720835439416 -1.9678870414382128 68
1720835600378 -2.318470262138674 69
1720835760788 -2.1318747145315124 70
1720835921452 -1.923514470982171 71
1720836081876 -2.506447052228438 72
1720836242268 -2.258357928596637 73
1720836402423 -2.2482365437726113 74
1720836563137 -2.10883331534426 75
1720836723642 -2.200397475304571 76
1720836884266 -2.0460539443664802 77
1720837045352 -1.9961137074054611 78
1720837205948 -1.909006840438515 79
1720837366555 -2.488940134143904 80
1720837526765 -2.1074606584007642 81
1720837687294 -1.7866280466874334 82
1720837847801 -2.529554411489551 83
1720838008556 -2.4246528202111675 84
1720838176240 -2.2989651100037394 85
1720838336959 -1.9681254327439772 86
1720838498120 -2.2209091188360612 87
1720838658910 -2.02962720646479 88
1720838827212 -1.9414532384621208 89
1720838995578 -2.245959253243018 90
1720839164810 -2.255704706442647 91
1720839334323 -2.205208151596836 92
1720839503214 -1.9685869248843915 93
1720839673654 -2.5109861151653217 94
1720839844280 -2.4685381118673257 95
1720840015592 -3.026670147401082 96
1720840186838 -2.528091626917958 97
1720840358020 -2.9711685925110007 98
1720840529718 -2.310332094521278 99
1720840701302 -2.4547042014032763 100
1720840872801 -2.354201256102135 101
1720841047120 -2.61174179943824 102
1720841219689 -2.6759924141914953 103
1720841391128 -1.6591783086444096 104
1720841564263 -2.4059797341959923 105
