1718986279663 0.38712629429614626 1
1718986531833 0.20314992103782506 2
1718986787898 0.06238173087557123 3
1718987041478 -0.1766329941877569 4
1718987294856 -0.11234919823934333 5
1718987549250 -0.05614515714126631 6
1718987803115 -0.061863180002436166 7
1718988057285 0.01404271337662876 8
1718988311357 -0.08038819414706842 9
1718988565488 -0.0591872165592416 10
1718988819893 0.0020283565929757746 11
1718989074156 0.05554632747420603 12
1718989328289 0.06017745799433474 13
1718989582193 0.3605935756970539 14
1718989837130 -0.060797600243176445 15
1718990091536 -0.2337266454872189 16
1718990345299 -0.1727826577296378 17
1718990599096 -0.06787519870671192 18
1718990853205 -0.08243803976883687 19
1718991106780 0.2435919843695299 20
1718991360655 -0.08515750392137811 21
1718991614439 -0.06007628486310369 22
1718991868418 0.04738275208637814 23
1718992122616 0.24815978146106482 24
1718992375997 0.1468127952733828 25
1718992629571 -0.006768786624226768 26
1718992887194 0.010608872714746266 27
1718993140976 -0.12732629412663152 28
1718993394648 -0.10790183465457721 29
1718993647862 -0.05461131012541766 30
1718993901287 0.03272173836151524 31
1718994155103 -0.158175474267646 32
1718994408998 0.11724419101614014 33
1718994662363 0.10135367081668951 34
1718994916092 -0.2024861652388371 35
1718995169924 0.05432741080077722 36
1718995423221 -0.07072551473108034 37
1718995676453 -0.03281255091218017 38
1718995930666 -0.1368122610261337 39
1718996184268 0.16618550754064845 40
1718996437932 0.017684769443900707 41
1718996691809 0.0645530162546433 42
1718996945404 -0.08429781579654887 43
1718997197541 0.19239610067030707 44
