1720369991234 0.5359996316789588 1
1720370242213 0.22010324978939325 2
1720370493849 0.07175100222462846 3
1720370744963 -0.17214741271332754 4
1720370996965 -0.20851916063476153 5
1720371247765 -0.1638004571280135 6
1720371498086 -0.3928488018297971 7
1720371748904 0.07799659543702049 8
1720371999022 -0.4110949292007603 9
1720372249632 -0.40933766289220186 10
1720372503042 -0.5762327095672206 11
1720372758550 -0.5040369136411732 12
1720373014532 -0.703132157284642 13
1720373270303 -0.6155200415142517 14
1720373526121 -0.7332023351250182 15
1720373782027 -0.8830400668394011 16
1720374037642 -0.8201574111069321 17
1720374292534 -0.8725440364293922 18
1720374548189 -0.9447578352108177 19
1720374803284 -0.8014814165771135 20
1720375058911 -1.0213321652179554 21
1720375314309 -0.8003328749826152 22
1720375569832 -1.1552265094573537 23
1720375825166 -0.969934423223512 24
1720376080042 -1.1031643472703057 25
1720376336146 -1.0908577737928808 26
1720376592033 -1.2288461031930153 27
1720376848062 -1.1088612793996784 28
1720377103854 -0.6763676517629652 29
1720377358972 -1.4042399071554992 30
1720377614885 -1.1246068939415048 31
1720377870206 -1.2459839044639236 32
1720378125547 -1.3845842413790426 33
1720378381080 -1.6285890334226523 34
1720378636474 -1.3624198878913167 35
1720378892090 -1.5360099026926541 36
1720379147541 -1.6402845135098931 37
1720379403271 -1.3217532327093684 38
1720379658481 -1.471311137401023 39
1720379913998 -1.3409376168008529 40
1720380169508 -1.4443004091334952 41
1720380425091 -1.0288923696257102 42
1720380680885 -1.4560672268231152 43
1720380936399 -1.7269728535350157 44
1720381191190 -1.8634583499905115 45
1720381446806 -1.4784756421669714 46
1720381701844 -2.208646043610675 47
1720381957729 -1.4310717720944852 48
1720382213231 -1.657970334911438 49
1720382468487 -1.4663217269035722 50
1720382723821 -1.5670886187508708 51
1720382979707 -1.901387614274809 52
1720383235324 -1.6863215908694338 53
1720383490308 -1.9697320892266792 54
1720383745605 -1.3900590332825813 55
1720384001701 -2.0136247494481885 56
1720384257852 -1.4985263077965283 57
1720384513542 -1.3753676205891405 58
1720384769253 -1.4657867063933214 59
1720385024803 -1.6965551304597457 60
1720385280338 -2.3066804820858784 61
1720385535124 -1.729443981361043 62
1720385790822 -1.7400018174357523 63
1720386045771 -2.1036562517479034 64
1720386300559 -1.6447984734951877 65
1720386556570 -1.7365317656859116 66
1720386812119 -1.8418839366901396 67
1720387067538 -1.8628301148912514 68
1720387323284 -1.5313934720275006 69
1720387578532 -1.8217091453511796 70
1720387834430 -1.8721451049231097 71
1720388089679 -1.5214161343948212 72
1720388345107 -2.0926144277453567 73
1720388600974 -2.1141024319135417 74
1720388856767 -2.1610054056617813 75
1720389112269 -1.4901633365612843 76
1720389367658 -1.8845070165598754 77
1720389623150 -1.4859226007707989 78
1720389878175 -1.696107175243758 79
1720390134249 -2.2338432281960596 80
1720390389693 -2.0588799425444124 81
1720390645513 -1.7002029577032178 82
1720390901472 -1.9918247484096523 83
1720391157134 -2.0796867819345923 84
1720391413236 -1.746859385771353 85
1720391669070 -2.3487389519722983 86
1720391924665 -1.6956246344136459 87
1720392180740 -1.8893638997798632 88
1720392435979 -2.244940393374656 89
1720392691616 -1.5355968386410186 90
1720392946618 -1.694979680189816 91
1720393201933 -2.1335701948245918 92
1720393457531 -2.146342746086587 93
1720393713000 -1.8334894054567161 94
1720393968911 -2.012183752435878 95
