1720113168173 0.506160108740234 1
1720113422021 0.19685852636029688 2
1720113674828 0.05783828866708466 3
1720113927680 -0.1804575731420857 4
1720114180591 -0.1151220204297088 5
1720114433126 -0.058711846838482656 6
1720114685640 -0.06371884912739216 7
1720114938139 0.013257780932766819 8
1720115191632 -0.08105718455540421 9
1720115443649 -0.059489690869633814 10
1720115696840 0.0019136733182196328 11
1720115949664 0.055523561152478904 12
1720116202096 0.06017653713693093 13
1720116455239 0.36061243922819586 14
1720116707280 -0.06079808908941989 15
1720116959957 -0.2337300213865848 16
1720117212091 -0.1727824930291038 17
1720117464631 -0.06787592374659619 18
1720117717329 -0.08243868204836377 19
1720117969708 0.24359148364008085 20
1720118222494 -0.08515866066721807 21
1720118475072 -0.06007636975353074 22
1720118728000 0.047382856205471474 23
1720118980665 0.2481594211779752 24
1720119233158 0.1468129609922323 25
1720119485926 -0.006768766903845849 26
1720119738732 0.01060895799568791 27
1720119991622 -0.12732633451980896 28
1720120244877 -0.10790178478292907 29
1720120496971 -0.0546113072356605 30
1720120749851 0.032721836257684093 31
1720121002239 -0.15817558042078195 32
1720121254493 0.11724430726021999 33
1720121507164 0.10135366975606136 34
1720121759457 -0.2024861248430817 35
1720122011922 0.05432737286008599 36
1720122264723 -0.07072545657960266 37
1720122517437 -0.03281265394488793 38
1720122769859 -0.13681238813457178 39
1720123022559 0.1661853549605632 40
1720123299528 0.017684851735627387 41
1720123556179 0.06455342176740722 42
1720123810431 -0.08429795887311799 43
1720124064111 0.19239572990314513 44
