1720807900167 0.19697431507983335 1
1720808059097 -0.08337956345686343 2
1720808217808 -0.02858240721579918 3
1720808376697 -0.1409858674634067 4
1720808535328 -0.0797195852209045 5
1720808693569 -0.38001286954664637 6
1720808851803 -0.6578982356488052 7
1720809012741 -0.6432546706617663 8
1720809173283 -0.5956865799608287 9
1720809334358 -0.6998397523956396 10
1720809495119 -0.9347133690345526 11
1720809656145 -0.8070382068469101 12
1720809817573 -1.0208645064842017 13
1720809977217 -0.9837668842707638 14
1720810138177 -0.9998933464848985 15
1720810298909 -0.9355531030048798 16
1720810459565 -1.173674734291838 17
1720810620685 -1.3227213083426173 18
1720810782144 -1.2063219298140933 19
1720810942954 -1.0209638417468638 20
1720811104662 -1.054020455911138 21
1720811266059 -0.923598222439633 22
1720811425549 -1.135508893445452 23
1720811586605 -1.5445301661820987 24
1720811746248 -1.3291695729228883 25
1720811907296 -1.440739793792943 26
1720812068040 -1.517586089061756 27
1720812228889 -1.4499119245109868 28
1720812387897 -1.3512939620444435 29
1720812549430 -1.4659862102211003 30
1720812708242 -1.5954032797857838 31
1720812868469 -1.6700141737709593 32
1720813028687 -1.6465279203318481 33
1720813189516 -1.8151801654104274 34
1720813350257 -1.512038905145706 35
1720813509419 -1.4213443575155484 36
1720813670067 -1.9258761768449186 37
1720813831096 -2.241068415771631 38
1720813990961 -1.9851936880259775 39
1720814151740 -1.7589640861803468 40
1720814312719 -2.055289335663128 41
1720814471760 -1.9813446744682734 42
1720814632223 -1.8115193209202027 43
1720814793018 -1.802706719531769 44
1720814954368 -1.7575895650302773 45
1720815115123 -1.9048864504028464 46
1720815274838 -1.703978180624324 47
1720815435613 -1.8161554792797312 48
1720815593997 -1.7203012115619392 49
1720815753192 -2.21086853812577 50
1720815913670 -1.8699098592591128 51
1720816074676 -2.0474243823097367 52
1720816235091 -1.8424840915497442 53
1720816396110 -1.9357705335846154 54
1720816556876 -2.2301806611943733 55
1720816716354 -2.037553982433922 56
1720816876768 -2.338125457768428 57
1720817036375 -2.29762547978289 58
1720817196196 -2.051912005378828 59
1720817356659 -1.8416557373589286 60
1720817516130 -2.109774501968107 61
1720817676558 -1.9896578696945342 62
1720817837205 -2.3749490868024794 63
1720817996809 -2.0094093030016205 64
1720818155212 -2.2744567275065104 65
1720818315744 -2.199656209887301 66
1720818474995 -2.26505297517217 67
1720818634888 -2.1188680803086757 68
1720818794788 -2.4238892497769338 69
1720818955703 -2.168468700245165 70
1720819114723 -2.0974642501789766 71
1720819273391 -2.6503271736666854 72
1720819432917 -2.3004740643338297 73
1720819593296 -2.172793261016682 74
1720819753499 -2.378813330027906 75
1720819914113 -2.3361709377060986 76
1720820074764 -2.1115994128085194 77
1720820235560 -2.135873947514027 78
1720820395256 -2.0140353703659004 79
1720820555833 -2.508300958106549 80
1720820714742 -2.260676734291265 81
1720820874020 -1.9759287085960746 82
1720821033205 -2.557690474311753 83
1720821194134 -2.449960660005885 84
1720821353303 -2.345838402891567 85
1720821513511 -2.1067497735683944 86
1720821673714 -2.2669264930119386 87
1720821833420 -2.0885468414145607 88
1720821992934 -2.4027174357215855 89
1720822153674 -2.4616504861895074 90
1720822312703 -2.2279026205626535 91
1720822472493 -2.372221324450606 92
1720822632371 -2.1337238653442294 93
1720822791078 -2.576997430251052 94
1720822950392 -2.6444832694941183 95
1720823110600 -3.090929709359073 96
1720823269267 -2.5533879278573552 97
1720823428898 -2.6805305706193536 98
1720823588109 -2.1012962327355234 99
1720823748325 -2.524546018570605 100
1720823908016 -2.458082004342011 101
1720824066991 -2.859061653845106 102
1720824227629 -2.6321230773736 103
1720824387370 -1.7433844185498057 104
1720824547784 -2.4615062549039544 105
