1718899547809 0.27879170346949406 1
1718899800248 0.23023960297463894 2
1718900050487 0.07435834759418188 3
1718900301134 -0.17657586400349223 4
1718900550536 -0.11181041544610633 5
1718900800454 -0.06103281367177677 6
1718901050875 -0.06316744072988534 7
1718901302590 0.014682135227807269 8
1718901552594 -0.08226701493322405 9
1718901802087 -0.10076029892265373 10
1718902051649 -0.12651789912264155 11
1718902302940 -0.35258638504975476 12
1718902552973 -0.45027438993105084 13
1718902804914 -0.3235062743516599 14
1718903055989 -0.569193416969651 15
1718903307296 -0.693459638335477 16
1718903557809 -0.7238791028463823 17
1718903810395 -0.6739484785232122 18
1718904061100 -0.7238026170409203 19
1718904312063 -0.7975591564012396 20
1718904562427 -0.8405759098348144 21
1718904814943 -0.7470767467629161 22
1718905066972 -1.0151862668722558 23
1718905319471 -0.5964632792247812 24
1718905570888 -0.9848688012746895 25
1718905823833 -1.0074167085604009 26
1718906076254 -1.1413243229663754 27
1718906327858 -0.8592453382294769 28
1718906578915 -0.8293688980144783 29
1718906831937 -1.3186302402858965 30
1718907082698 -1.155982223966816 31
1718907334013 -1.1408437042334139 32
1718907584777 -1.2102862716779221 33
1718907838119 -1.512181440277698 34
1718908091355 -1.2586389099173392 35
1718908343359 -1.4744889656862323 36
1718908594926 -1.5485146891234252 37
1718908846351 -1.1993057888821128 38
1718909097796 -1.3096823151004464 39
1718909351160 -1.3897484299255243 40
1718909603528 -1.273024943392767 41
1718909855376 -1.1615485006115096 42
1718910106559 -1.4098466232557527 43
1718910358780 -1.3737186118486608 44
1718910610975 -1.6656910898104298 45
1718910862349 -1.5645934344791554 46
1718911114248 -2.0865590148887665 47
1718911367681 -1.5383658227372783 48
1718911620004 -1.5878093717297834 49
1718911871693 -1.5138484677541877 50
1718912124892 -1.7141610093652195 51
1718912377124 -1.7077966729740075 52
1718912628815 -1.7623339755739647 53
1718912880217 -1.83090987861291 54
1718913132422 -1.51178158414447 55
1718913385237 -1.950957431319275 56
1718913651919 -1.425734423413946 57
1718913920135 -1.4443816198994635 58
1718914174136 -1.691524739075265 59
1718914425574 -1.5093023897328508 60
1718914679380 -2.3210229601991954 61
1718914931142 -1.8890487166906675 62
1718915183293 -1.7408522864563722 63
1718915436890 -2.040966752688954 64
1718915689321 -1.625606013787109 65
1718915941969 -1.5569871933090143 66
1718916193456 -1.7371315236437204 67
1718916445003 -1.6701629426906361 68
1718916697276 -1.5417670336199445 69
1718916949508 -1.8298227971723084 70
1718917200555 -1.7447682339183266 71
1718917453936 -1.6160357318245564 72
1718917705943 -1.9188451022550397 73
1718917958793 -2.0313412099280885 74
1718918210891 -2.183646386202356 75
1718918464807 -1.3846951662654123 76
1718918716552 -2.067289951245629 77
1718918968545 -1.8105023000837408 78
1718919221189 -1.6707651451802212 79
1718919473570 -2.134508010759274 80
1718919725851 -2.045913045706934 81
1718919977360 -1.7680748347917221 82
1718920230800 -1.9955877441209644 83
1718920482399 -2.08845101842834 84
1718920734544 -1.7069924307571458 85
1718920986279 -1.9671068593508063 86
1718921239394 -1.7053386804000998 87
1718921491523 -1.863100606321533 88
1718921742968 -2.220817115181471 89
1718921996256 -1.4781331028084943 90
1718922248922 -1.6489760844542571 91
1718922500132 -2.143412751002628 92
1718922751295 -2.2877510440676603 93
1718923004022 -1.771811528835524 94
1718923256632 -1.9609166804191598 95
