1720973434225 0.24754111277571011 1
1720973597001 -0.1312749757403914 2
1720973758244 -0.02434087589568385 3
1720973919636 -0.14319818015302901 4
1720974082644 -0.03752301548674811 5
1720974244923 -0.1387152786919476 6
1720974407843 -0.3824144122807748 7
1720974570478 -0.1346963085159948 8
1720974733212 -0.2766867461236286 9
1720974894525 0.05089467083192323 10
1720975057328 -0.1830638873419014 11
1720975219881 -0.2647565275716788 12
1720975381121 -0.2693106949286144 13
1720975542179 -0.23100965372830487 14
1720975703566 0.0956618686227014 15
1720975865963 -0.2658010951354071 16
1720976028652 -0.2611760728901405 17
1720976190848 -0.34535783173651546 18
1720976352732 -0.43829462999499824 19
1720976515024 -0.49657390939137264 20
1720976677394 -0.5267008429222446 21
1720976837384 -0.444686506129973 22
1720976999554 -0.8389814904604607 23
1720977162070 -1.010941238958171 24
1720977324198 -0.9216176359518754 25
1720977486914 -0.9186246449067804 26
1720977649577 -1.0457390287216939 27
1720977811911 -0.8864245497116489 28
1720977974215 -1.0008203281843435 29
1720978136511 -1.066376160998864 30
1720978298692 -1.0910252698223013 31
1720978461702 -1.1575159831414206 32
1720978624084 -1.276816465627677 33
1720978786034 -1.2209076383927577 34
1720978949001 -0.9458109133576127 35
1720979111529 -1.1699660099622244 36
1720979273512 -1.3029236189347022 37
1720979435834 -1.452515171453933 38
1720979598213 -1.4248412383658942 39
1720979760529 -1.2621794489528277 40
1720979923281 -1.4279912965440227 41
1720980085521 -1.3910527331693765 42
1720980247940 -1.1175516914812489 43
1720980409077 -1.4040125251221098 44
1720980570951 -1.2752978781944018 45
1720980732379 -1.349932857477813 46
1720980892508 -0.8697689632520184 47
1720981054121 -1.3292323682616387 48
1720981214788 -1.3499088053191568 49
1720981377329 -1.5091721005276875 50
1720981539095 -1.4871042888604955 51
1720981699259 -1.3247338566109244 52
1720981859650 -1.3431198925856183 53
1720982020012 -1.2224664064095336 54
1720982180004 -1.446220765399064 55
1720982340555 -1.2011806299385204 56
1720982500806 -1.5714974323952628 57
1720982660898 -1.6180015603010305 58
1720982821843 -1.451220022766654 59
1720982982494 -1.4268260457556385 60
1720983142959 -1.390161418027101 61
1720983303638 -1.2933690108949747 62
1720983463907 -1.7800933326339397 63
1720983625278 -1.5548944036372432 64
1720983786549 -1.6412117227321619 65
1720983947188 -1.6920419121498511 66
1720984107548 -1.8000734248573222 67
1720984269054 -1.7013138347131311 68
1720984430757 -1.9527143689490374 69
1720984591316 -1.7761271894533388 70
1720984752301 -1.6350748773300925 71
1720984914998 -2.0200547663517066 72
1720985076255 -1.9597918063298374 73
1720985236582 -1.9294503283194808 74
1720985398323 -1.8704796637287613 75
1720985560942 -1.9484269467041377 76
1720985722354 -1.7789978483207427 77
1720985883826 -1.8177921543473112 78
1720986044401 -1.700617882844373 79
1720986204719 -1.9336280496867875 80
1720986365390 -1.7661663092692814 81
1720986525736 -1.5707364856305155 82
1720986685291 -2.1249272024901593 83
1720986845359 -2.195979694172028 84
1720987006002 -1.8961041969593428 85
1720987166028 -1.6643714622870611 86
1720987327836 -1.9035376924591045 87
1720987487279 -1.8641261028678906 88
1720987646944 -1.9666089976282617 89
1720987806156 -1.8625474520341894 90
1720987966839 -2.0134299390814174 91
1720988126462 -2.098445981514528 92
1720988286970 -1.7214771681078476 93
1720988447525 -2.3171559237070727 94
1720988606996 -2.3004870121188845 95
1720988766985 -2.547308656673698 96
1720988928103 -2.251632646790037 97
1720989088805 -2.3489271471209867 98
1720989249142 -2.134440462370388 99
1720989409504 -2.091502395609776 100
1720989569800 -2.1421237482320965 101
1720989729475 -2.4134761525529544 102
1720989889929 -2.2800831707568796 103
1720990049325 -1.5931167591908113 104
1720990209928 -1.881877180852653 105
