1720025257082 1.5680102499762552 1
1720025328437 1.3730903243417025 2
1720025396661 0.8714017267306846 3
1720025463792 0.6915924453733088 4
1720025530631 0.4421585116051726 5
1720025597119 0.17984095695076627 6
1720025664288 0.18684384210659566 7
1720025731217 0.1341294226368263 8
1720025797821 -0.044782475407266646 9
1720025864634 -0.006626123156552776 10
1720025931512 0.06971699949241937 11
1720025998699 -0.07941034169765405 12
1720026065765 0.042482707884750934 13
1720026132670 0.2516812401907024 14
1720026199663 0.014934509597246355 15
1720026266542 -0.05091524617974204 16
1720026333534 0.24857645328845837 17
1720026400835 -0.06511607304420053 18
1720026467965 0.11536648597609168 19
1720026535005 -0.07932727991184554 20
1720026601953 0.010681910605512967 21
1720026669500 -0.15308113709163226 22
1720026736227 0.15217948003564555 23
1720026803475 -0.24250236548883106 24
1720026870617 -0.05682568094644638 25
1720026939071 -0.08466131295912224 26
1720027006349 -0.13945051398826003 27
1720027074012 0.20830104934993846 28
1720027141405 -0.2021117227510626 29
1720027208550 0.03329458121159857 30
1720027275698 -0.23966507007607227 31
1720027342892 0.0824434118731166 32
1720027410507 -0.16658692424654734 33
1720027477529 0.2156849664918801 34
