1720193574721 1.4902293125204287 1
1720193843314 1.233906503564921 2
1720194102659 0.8941796713883986 3
1720194357131 0.6681821313207972 4
1720194612540 -0.11393030863768805 5
1720194868282 -0.16278437003947047 6
1720195125026 -0.4133418158851416 7
1720195381117 -0.21127110117666367 8
1720195638046 -0.5536361945808507 9
1720195893743 -0.5116133609115308 10
1720196149937 -0.5695135472875182 11
1720196405399 -0.6929806718012899 12
1720196660356 -0.771220944063626 13
1720196916031 -0.7792203080270772 14
1720197171291 -0.8346182009930659 15
1720197427108 -0.8477784722617773 16
1720197684794 -0.8983192039122753 17
1720197940853 -0.9443101094781432 18
1720198196601 -0.9629999405289771 19
1720198451613 -1.0100766822098808 20
1720198708115 -1.0166870499726819 21
1720198965301 -0.8887103613043194 22
1720199222112 -1.2734925002664583 23
1720199479077 -0.8617184038809061 24
1720199735638 -0.9694012797956366 25
1720199991206 -1.0097081723226293 26
1720200246851 -1.3641703985690379 27
1720200502386 -1.1607985436396155 28
1720200758905 -0.789528392522639 29
1720201014115 -1.4148552989104082 30
1720201269557 -1.0810700724552071 31
1720201525498 -1.181680175178523 32
1720201781523 -1.2562520730735844 33
1720202037969 -1.5258054537947028 34
1720202294584 -1.4391304313890303 35
1720202551286 -1.549645999896533 36
1720202808518 -1.678623488477306 37
1720203065629 -1.087652314959595 38
1720203321398 -1.4903038499858172 39
1720203577970 -1.3531096911223954 40
1720203834401 -1.387123115705261 41
1720204090096 -0.9343596362215882 42
1720204346915 -1.4737957710846303 43
1720204603047 -1.7162071595526995 44
1720204858912 -1.7593309459676285 45
1720205116127 -1.6118117483832934 46
1720205371574 -2.146828755971381 47
1720205628365 -1.4546949066479387 48
1720205885519 -1.6507940477688754 49
1720206141474 -1.477067838993664 50
1720206397316 -1.6852349385545875 51
1720206653674 -1.8725561813126905 52
1720206909737 -1.8391899116271393 53
1720207165391 -1.9459623743426886 54
1720207422619 -1.3637468302571552 55
1720207678556 -1.9922775563683626 56
1720207934896 -1.3967165865566356 57
1720208191074 -1.404989918276173 58
1720208447037 -1.8402617764294043 59
1720208702595 -1.7072838602737777 60
1720208959703 -2.4239014786956883 61
1720209216031 -1.6945182706097428 62
1720209471988 -1.7357157652659496 63
1720209726808 -2.1012306040264677 64
1720209983787 -1.467975090041329 65
1720210239353 -1.5059695377821494 66
1720210494897 -1.8034019432062776 67
1720210751753 -1.7798715379806023 68
1720211007724 -1.5748879888702845 69
1720211264396 -1.7046561690800122 70
1720211519773 -1.7699476375589511 71
1720211776144 -1.5025326368247642 72
1720212031609 -1.7797257364511658 73
1720212287953 -2.0922230024903525 74
1720212543429 -2.0748198859743114 75
1720212800861 -1.4685683615936145 76
1720213057866 -2.0301649256128287 77
1720213314153 -1.893093989806066 78
1720213569286 -1.6994402159530848 79
1720213827043 -2.202842747389115 80
1720214084001 -1.8927823393857086 81
1720214340645 -1.7622168638259812 82
1720214596660 -1.8874915230166291 83
1720214852583 -2.044381339639058 84
1720215109730 -1.5094673934105194 85
1720215366831 -2.122923282922905 86
1720215624130 -1.658273055492211 87
1720215881323 -1.8492047917779137 88
1720216138940 -2.1276340588777645 89
1720216396029 -1.5582134698637833 90
1720216653314 -1.6394666015246135 91
1720216911282 -1.9442365688108527 92
1720217169060 -2.1205270134498324 93
1720217426807 -1.9104771981387092 94
1720217684982 -1.9722173134577643 95
