1719079301728 0.25160604844204926 1
1719079553820 0.20633319036401018 2
1719079807807 0.06179256676022011 3
1719080061249 -0.18155064422184936 4
1719080313380 -0.2093673693844656 5
1719080564899 -0.18270287098796814 6
1719080816485 -0.19760593960000297 7
1719081068228 -0.11495670992255029 8
1719081319854 -0.4469803423833462 9
1719081570781 -0.3636904205020561 10
1719081822214 -0.4033819589253195 11
1719082073426 -0.4410655616689622 12
1719082325158 -0.5216477122458467 13
1719082576516 -0.5028360404353311 14
1719082827833 -0.6042972069671048 15
1719083079669 -0.7837334720085523 16
1719083330976 -0.7925505518742633 17
1719083581768 -0.9272396308954354 18
1719083833374 -0.7445324181101726 19
1719084084484 -1.0373432502769577 20
1719084335902 -0.8417280487583804 21
1719084587355 -0.7612226653904631 22
1719084839103 -0.9250478882108609 23
1719085090407 -0.6653340873882143 24
1719085341838 -0.9002282174691286 25
1719085592914 -0.916522613136394 26
1719085843547 -1.0667135912620642 27
1719086095995 -0.7522306534639679 28
1719086348207 -0.744062753491145 29
1719086599746 -1.0406763922644828 30
1719086850428 -1.0428468694510946 31
1719087101503 -0.9240743719181549 32
1719087352247 -1.154601426351805 33
1719087603459 -1.2004499141689413 34
1719087854644 -1.1023973464015326 35
1719088105952 -1.2570801987610847 36
1719088357209 -1.455243051525067 37
1719088608418 -0.8653832894379792 38
1719088859692 -1.137784396844849 39
1719089110756 -1.134953534143894 40
1719089361834 -1.0958816408150354 41
1719089611898 -0.7799971537507541 42
1719089863014 -1.3635093916308356 43
1719090114258 -1.1953905393684296 44
1719090365619 -1.3602113311120083 45
1719090616648 -1.3141056716156538 46
1719090867553 -1.5811891361647135 47
1719091119190 -1.3185090039104048 48
1719091371033 -1.3954462735899935 49
1719091622565 -1.178462173531827 50
1719091873927 -1.6080129610322254 51
1719092124995 -1.5722785060732387 52
1719092376387 -1.5478890713649385 53
1719092627268 -1.5442797715455763 54
1719092878785 -1.2165814725770088 55
1719093130488 -1.6531942126637846 56
1719093382241 -0.9931300533444785 57
1719093633678 -1.1584283581918637 58
1719093885282 -1.1919714073806733 59
1719094136700 -1.3742178605203046 60
1719094387894 -1.8771215196969064 61
1719094639282 -1.4468830069785545 62
1719094891051 -1.4123425142173924 63
1719095142737 -1.5861484842673281 64
1719095394164 -1.3694830379320815 65
1719095645585 -1.0763537681985127 66
1719095897045 -1.307219531202385 67
1719096148942 -1.4955988237265825 68
1719096400387 -1.3362520999234047 69
1719096651964 -1.5838104585435397 70
1719096903236 -1.3907520433654368 71
1719097155187 -1.2254529767325424 72
1719097407143 -1.5341105578106535 73
1719097658255 -1.683820529600349 74
1719097909757 -1.5790024162460505 75
1719098161525 -1.2034139988148664 76
1719098413070 -1.4865715360573226 77
1719098664243 -1.4180159678413569 78
1719098915442 -1.4563826279742949 79
1719099166870 -1.7681359249829471 80
1719099418290 -1.4144731811065263 81
1719099669193 -1.502973107779027 82
1719099919906 -1.4568238897112598 83
1719100170891 -1.6463363385606695 84
1719100422119 -1.2868473186391105 85
1719100673986 -1.8902446438895129 86
1719100925049 -1.3547377549819726 87
1719101176558 -1.48857705090521 88
1719101426874 -1.651949372035248 89
1719101678577 -1.4239994299731298 90
1719101930194 -1.4690377750160422 91
1719102181669 -1.586356281889474 92
1719102433175 -1.7263098299116968 93
1719102684767 -1.4847032171257573 94
1719102936265 -1.5932941471060484 95
