1718037813510 -0.22798610298462849 1
1718038062320 -0.08047012861788172 2
1718038310917 -0.3040835737565659 3
1718038558465 -0.5199016181564174 4
1718038805450 -0.5869818551237338 5
1718039051781 -0.554884447430648 6
1718039300167 -0.5573835207117952 7
1718039548034 -0.31737037530657497 8
1718039796992 -0.7318159143578593 9
1718040044581 -0.7661130546016278 10
1718040291469 -0.7166492981689571 11
1718040538639 -0.7338671748512866 12
1718040785083 -0.8588977318641331 13
1718041031721 -1.0059974731185033 14
1718041277420 -0.7463024300824092 15
1718041523060 -0.8811048473776694 16
1718041769506 -0.9552051148316386 17
1718042016994 -1.2186602675490104 18
1718042263940 -1.0393282574913258 19
1718042511813 -1.325537781119715 20
1718042758451 -1.0812838217378797 21
1718043004807 -0.8870879532769828 22
1718043251791 -1.3042899821568172 23
1718043498646 -1.1382691626228754 24
1718043743670 -1.2059886268384077 25
1718043989869 -1.1960360683706912 26
1718044237168 -1.333961107514289 27
1718044484447 -1.0263434962362896 28
1718044730701 -0.9699869128644854 29
1718044977655 -1.3547062847105613 30
1718045224673 -1.2356930750443282 31
1718045471449 -1.1228856617053902 32
1718045717198 -1.6644509884818837 33
1718045963714 -1.5489053782564661 34
1718046210050 -1.26721049163495 35
1718046457194 -1.4848953344347273 36
1718046704519 -1.7105282400943833 37
1718046951649 -1.1531895273521668 38
1718047198565 -1.4005541322128214 39
1718047445492 -1.3018484702172135 40
1718047691606 -1.3132183412009903 41
1718047938440 -1.0568517652332026 42
1718048184869 -1.506702170538386 43
1718048431409 -1.5349824422485296 44
1718048676783 -1.6994191463512622 45
1718048923934 -1.3834559294283808 46
1718049170052 -2.156695926853529 47
1718049416083 -1.532452524488001 48
1718049661818 -1.6677721397805978 49
1718049907452 -1.2132793806515467 50
1718050153182 -1.814305869514635 51
1718050399015 -1.9345130104907686 52
1718050645769 -1.718721319306232 53
1718050892812 -1.8876798251126312 54
1718051140018 -1.3907836062877716 55
1718051387034 -1.8315679494909076 56
1718051632737 -1.2780912864626166 57
1718051879422 -1.3118409578590768 58
1718052125572 -1.4711533080359753 59
1718052371507 -1.5503065815531303 60
1718052617144 -2.101452224850351 61
1718052864414 -1.6405570392880673 62
1718053111640 -1.606609103657048 63
1718053357181 -1.8346867781661143 64
1718053602969 -1.4521083012311933 65
1718053848686 -1.4356429178120182 66
1718054094713 -1.4803259133831284 67
1718054340420 -1.6741889567200052 68
1718054586868 -1.586083941203867 69
1718054833575 -1.7964286064327006 70
1718055079563 -1.6664860326299773 71
1718055326690 -1.509338763562662 72
1718055574409 -1.6827193024641962 73
1718055821679 -1.7981080989766018 74
1718056069375 -1.8669873331154627 75
1718056316758 -1.5093787010338344 76
1718056564214 -1.8329958002586484 77
1718056809988 -1.4335444263373205 78
1718057056076 -1.6852406334971843 79
1718057302163 -1.8420791242648804 80
1718057548638 -1.7433663815865916 81
1718057794247 -1.5202624553556352 82
1718058040323 -1.8332176388620243 83
1718058287246 -1.9365953084249512 84
1718058533464 -1.3355901605607878 85
1718058779177 -1.9726553976869912 86
1718059025608 -1.3796014350085946 87
1718059270726 -1.6137904913931562 88
1718059517253 -1.9237803384268808 89
1718059763293 -1.566914400070848 90
1718060009074 -1.582125464843496 91
1718060256128 -1.7888899392675373 92
1718060502526 -1.714256317119786 93
1718060748281 -1.6978524709457061 94
1718060994520 -1.5635323575402522 95
