1720715381047 0.3650577736242456 1
1720715716811 0.2272280431850388 2
1720716039191 0.07371485846550313 3
1720716354587 -0.1747755583621714 4
1720716669357 -0.11170365696893848 5
1720716984650 -0.05682742333872472 6
1720717298931 -0.06282469797506102 7
1720717614271 0.013331356216859004 8
1720717928796 -0.08113732659598032 9
1720718244333 -0.059464249565191835 10
1720718560303 0.0019588154110010106 11
1720718875133 0.055679544162214 12
1720719190516 0.060389790278404916 13
1720719504817 0.36058460111128654 14
1720719819450 -0.060816954402388504 15
1720720133815 -0.18953528967745265 16
1720720448873 -0.2741515560932152 17
1720720763982 -0.12202021535780826 18
1720721078707 -0.30947382761269776 19
1720721393314 -0.42926741239584904 20
1720721708160 -0.32615226274065207 21
1720722021900 -0.5787488942391599 22
1720722336312 -0.7055329694498242 23
1720722651618 -0.5233448465023177 24
1720722966814 -0.6466222903511495 25
1720723280682 -0.8110015606638971 26
1720723593807 -0.80609251198839 27
1720723908669 -0.7576830084617084 28
1720724222004 -0.7728941748238377 29
1720724537293 -0.6452805615452885 30
1720724852194 -0.9019157914603371 31
1720725167401 -1.0721094149247308 32
1720725481702 -1.2098671517678579 33
1720725798120 -1.1821510562592656 34
1720726113027 -1.1223185044952295 35
1720726429246 -1.0844552292277188 36
1720726745030 -1.2483905855423019 37
1720727061743 -1.0728690459467984 38
1720727376755 -1.2210631657461224 39
1720727692780 -0.8752703346419664 40
1720728007964 -1.1494971173471178 41
1720728325048 -1.0626063019127514 42
1720728639983 -1.289190388878864 43
1720728956618 -1.1519966900229603 44
1720729271369 -1.4529747053411843 45
1720729588359 -1.120283972200329 46
1720729902995 -1.8168931239008754 47
1720730219268 -1.3729318425895902 48
1720730534789 -1.3089537807132492 49
1720730849965 -1.3111910989771502 50
1720731165864 -1.5327029439051747 51
1720731481284 -1.5577388635896494 52
1720731796499 -1.6355350998897726 53
1720732111012 -1.9285948222272185 54
1720732427474 -0.9853934922631418 55
1720732741685 -1.8587972448034806 56
1720733057758 -1.2872894498766378 57
1720733372767 -1.3192517874424878 58
1720733688938 -1.5958227971066243 59
1720734004502 -1.4253218026655818 60
1720734320621 -2.1331314060302202 61
1720734635751 -1.6815185145696945 62
1720734951184 -1.8040432450930155 63
1720735266311 -1.7451797661317168 64
1720735583144 -1.5328504518911825 65
1720735897264 -1.503938570349857 66
1720736213336 -1.86024344575288 67
1720736528782 -1.920618667134407 68
1720736847153 -2.0492478932725797 69
1720737166862 -1.835967785678387 70
1720737487306 -1.7575702908363495 71
1720737805887 -1.4659769795579833 72
1720738123807 -1.4517205050837074 73
1720738439785 -2.0679021016262795 74
1720738756482 -1.986255000125838 75
1720739071463 -1.6842859895536604 76
1720739387520 -2.0833450941904896 77
1720739702420 -2.0873751562704568 78
1720740018272 -1.8009328340749622 79
1720740333327 -2.07149449381481 80
1720740650078 -1.8897728712554487 81
1720740964199 -1.7563758599615815 82
1720741279399 -1.9247794674036833 83
1720741593816 -1.754326579680365 84
1720741907038 -1.7163895277719834 85
1720742221128 -2.128613442775141 86
1720742536384 -1.8108209361259835 87
1720742849531 -1.8947302251418998 88
1720743163985 -2.2997792605114245 89
1720743479376 -1.6606012897168385 90
1720743792157 -1.8071228923978062 91
1720744106416 -2.069867261807259 92
1720744424795 -2.2503537667641966 93
1720744738226 -1.9895404927194171 94
1720745052267 -2.0525614048190306 95
1720745369116 -2.430395640788019 96
1720745688017 -2.0524232268106406 97
1720746004403 -1.8208308053762876 98
1720746318977 -2.1816771344964594 99
1720746633741 -2.5335655540342636 100
1720746948789 -2.3728097891207716 101
1720747263171 -2.0724889000080298 102
1720747579069 -2.6911756914321727 103
1720747894258 -2.0759690348970365 104
1720748212118 -2.333621754261131 105
1720748530255 -1.7222031072035706 106
1720748848018 -2.165980892041569 107
1720749166090 -2.324436736752002 108
1720749484109 -2.1808480312041114 109
1720749801865 -2.1347989759712163 110
1720750120105 -1.6342664830237632 111
1720750437737 -2.2289625941494604 112
1720750755057 -1.8979924506961932 113
1720751073386 -2.1027514421118 114
1720751390833 -1.7120997671457054 115
1720751708959 -2.22565866260067 116
1720752027031 -2.025478151411524 117
1720752345277 -2.2242529739012107 118
