1720027546092 1.2384368456407624 1
1720027613664 0.8367693824411764 2
1720027681295 0.4761622064212201 3
1720027748954 0.4221966493945743 4
1720027816225 0.41381217374551393 5
1720027883373 0.09174422754794001 6
1720027950707 0.15252583187826485 7
1720028017888 0.09121586419025766 8
1720028085273 -0.07205405711828854 9
1720028152417 -0.00999488575332324 10
1720028219523 0.059575068170037083 11
1720028286831 -0.08679022465359296 12
1720028354330 0.033227091552791785 13
1720028421208 0.2319438839482009 14
1720028488421 0.004007241875127853 15
1720028555346 -0.06109517046579119 16
1720028622727 0.24342876718678247 17
1720028689800 -0.07545342655415634 18
1720028757323 0.10711500556683812 19
1720028824636 -0.09419791221181802 20
1720028891563 0.004506799181840771 21
1720028958527 -0.1691774396017499 22
1720029025632 0.15469144770102355 23
1720029092755 -0.25199400288346846 24
1720029159986 -0.05863869598846184 25
1720029227196 -0.08958848234439777 26
1720029294269 -0.14395284416985926 27
1720029361369 0.205029339626578 28
1720029428225 -0.2057533446795551 29
1720029495502 0.030864599966653604 30
1720029562466 -0.24706583626968145 31
1720029629576 0.08135815913417208 32
1720029696653 -0.16872241007434008 33
1720029763825 0.2141936682050281 34
