1720629340591 0.2973339698591687 1
1720629664429 0.2111799953708451 2
1720629972545 0.07182068709795877 3
1720630275697 -0.17630520027973715 4
1720630580211 -0.1108019144720607 5
1720630883897 -0.055197920230902774 6
1720631186645 -0.061300199147708394 7
1720631490245 0.015580732565588404 8
1720631793042 -0.18871339600935222 9
1720632095944 -0.21092026040246672 10
1720632400238 -0.03998597377582229 11
1720632704071 -0.3615784777879601 12
1720633008185 -0.3515525006866847 13
1720633310105 -0.21486293913016666 14
1720633613007 -0.5884813563375729 15
1720633916645 -0.6053540874803 16
1720634219853 -0.8093248007060274 17
1720634524518 -0.6223414049757806 18
1720634827199 -0.7440463440567734 19
1720635131415 -0.9289488755258449 20
1720635434520 -0.8482289825151109 21
1720635737278 -0.5120763122502892 22
1720636040729 -1.0978037175238693 23
1720636342980 -0.7480165247213505 24
1720636646846 -1.0475921306291334 25
1720636950403 -0.9103389721752768 26
1720637253200 -1.2178949563644808 27
1720637557360 -1.0047137539587434 28
1720637860999 -0.8410192434495716 29
1720638164799 -1.2754525130209573 30
1720638468479 -1.0512814840707039 31
1720638771788 -1.2483013079818446 32
1720639075446 -1.4293677297458163 33
1720639378749 -1.312591492023304 34
1720639683930 -1.3385214644405508 35
1720639987676 -1.5431339033603313 36
1720640290389 -1.542735121439372 37
1720640595826 -1.0623241396650114 38
1720640899127 -1.3633226994565522 39
1720641202916 -1.421306231911144 40
1720641506185 -1.379562868518231 41
1720641810208 -1.2282585816471983 42
1720642114316 -1.502211429178412 43
1720642417378 -1.7203655582514261 44
1720642722317 -1.6014610052531146 45
1720643025558 -1.4947193800370244 46
1720643331466 -2.041352212922234 47
1720643634618 -1.5441327227306891 48
1720643939052 -1.6856094354377236 49
1720644242951 -1.519488136786255 50
1720644547528 -1.729015559895981 51
1720644850590 -1.941495908160787 52
1720645152826 -1.7841984092673757 53
1720645457692 -1.9236978674255072 54
1720645760980 -1.559155814768573 55
1720646063985 -2.0223050743627016 56
1720646368316 -1.5850188051260865 57
1720646671731 -1.4371011390504742 58
1720646975890 -1.6832824989528588 59
1720647279049 -1.7281267105875793 60
1720647584117 -2.3687863771514626 61
1720647887259 -1.9317473643827046 62
1720648192124 -1.8327718574384781 63
1720648496027 -2.125558092811276 64
1720648800465 -1.645802959234062 65
1720649104898 -1.735421586351304 66
1720649407900 -1.8218052363407573 67
1720649713125 -1.7924196045268648 68
1720650016718 -1.6362338835759052 69
1720650319398 -1.9889448048953198 70
1720650624479 -1.839129580914058 71
1720650927676 -1.8344370199363593 72
1720651231398 -1.9947580782183656 73
1720651534577 -2.1571451017540944 74
1720651838542 -2.2303272600527877 75
1720652142637 -1.4910570371874428 76
1720652446480 -2.0533922299411143 77
1720652750155 -2.0183587850607405 78
1720653053224 -1.747107992447026 79
1720653357123 -2.355265378419494 80
1720653661541 -2.0893673955551533 81
1720653966020 -1.8411703338398218 82
1720654269654 -1.9002586480037138 83
1720654573778 -2.1608918736423677 84
1720654876654 -1.775645259402035 85
1720655179199 -2.3589258351495648 86
1720655482791 -1.7264579130203996 87
1720655785906 -1.9674659519330844 88
1720656088471 -2.1830396544438346 89
1720656390379 -1.684359434715672 90
1720656693576 -1.8859245877238542 91
1720656995777 -2.1873407221576864 92
1720657299440 -2.064380643431077 93
1720657602382 -1.852619289443599 94
1720657904159 -2.103807741788595 95
