1720029831805 1.2384298095153286 1
1720029899230 0.836571559397705 2
1720029966450 0.47603593442562475 3
1720030033414 0.42215643054662033 4
1720030100896 0.4137946640879156 5
1720030168067 0.09173198500758513 6
1720030235412 0.1525052314772245 7
1720030302370 0.0911992416468556 8
1720030369606 -0.07205817067178479 9
1720030436983 -0.010001278103689535 10
1720030504396 0.0595602340207061 11
1720030571618 -0.08680251939150135 12
1720030638934 0.03321131002558788 13
1720030706234 0.23193408270623325 14
1720030773284 0.004000758051008589 15
1720030840198 -0.061125511207329744 16
1720030907430 0.24344219270812045 17
1720030974450 -0.07546053353614193 18
1720031042005 0.10711327066114838 19
1720031109292 -0.09420253124287475 20
1720031176867 0.004520660948000589 21
1720031243804 -0.16917800629155394 22
1720031310864 0.15469158371774794 23
1720031377795 -0.2519941713705749 24
1720031444818 -0.05863949209107382 25
1720031511835 -0.08958847087001477 26
1720031578840 -0.1439538538108622 27
1720031645808 0.20503076547185314 28
1720031712754 -0.20575353644754385 29
1720031779606 0.030864762782352253 30
1720031846714 -0.24706538701400546 31
1720031913965 0.08136057637038979 32
1720031981087 -0.16872434703868674 33
1720032048103 0.214195994606708 34
