1719158987934 0.5182684189834879 1
1719159237274 0.23903224094591125 2
1719159487020 0.08065879450104699 3
1719159738231 -0.1697476020283193 4
1719159989701 -0.10839939291267331 5
1719160242462 -0.054215007402037954 6
1719160494828 -0.061055975146249164 7
1719160747273 0.014189198862041863 8
1719160999180 -0.0803910866054 9
1719161251413 -0.05925802731230228 10
1719161503952 0.0019630755786980334 11
1719161757029 0.05555098270331796 12
1719162009440 0.06024071057534483 13
1719162262907 0.36060083546029703 14
1719162515815 -0.06080669897267233 15
1719162768993 -0.23372683401882446 16
1719163022206 -0.17279122205376868 17
1719163275097 -0.06787476641385716 18
1719163528162 -0.08243906082875627 19
1719163781206 0.24358908947190785 20
1719164033967 -0.08512716622453062 21
1719164286944 -0.060076736623008664 22
1719164540232 0.04738035669291669 23
1719164793544 0.24816916414436418 24
1719165047089 0.14681525244193577 25
1719165300177 -0.0067691844433300586 26
1719165553933 0.010609831479161759 27
1719165807119 -0.12733202423555234 28
1719166060006 -0.10790646547870114 29
1719166313050 -0.054608376661367315 30
1719166566264 0.03272010990341188 31
1719166818797 -0.15817482168137806 32
1719167071586 0.11724383330965783 33
1719167324695 0.10135278669370441 34
1719167577811 -0.20248623144959196 35
1719167831756 0.05432759898999373 36
1719168084896 -0.07072534885116552 37
1719168338410 -0.03281390094015875 38
1719168591768 -0.1368124266231156 39
1719168844844 0.16618577519214092 40
1719169097797 0.017684800000270826 41
1719169350850 0.0645531162624207 42
1719169603762 -0.08429792615609015 43
1719169857182 0.1923956541684736 44
